Exp 1:m=200 t=1900
1, 0.150066401062417, 97.67511714526013, 1974.679335, 849, 6

Exp 1: m=100
1, 0.1593625498007968, 97.76959793780652, 1973.284659, 1647, 6

Exp 2:m=300
1, 0.15803452855245684, 98.62975544220288, 1973.188794, 739, 6

Exp 3:m=400
1, 0.15670650730411687, 98.14915950323856, 1975.603607, 557, 6

Exp 4:m=500
1, 0.15670650730411687, 97.55496816051904, 1972.992751, 475, 6



---------------------------------
Exp 1:
<<<<<<< HEAD
1, 0.5737051792828686, 0.0, 105.900251, 100, 10




Exp 1:
1, 0.2908366533864542, 0.0, 8.353226, 10, 7
2, 0.42231075697211157, 0.0, 7.196823, 10, 9




Exp 1:
1, 0.11553784860557768, 0.0, 5.68517, 10, 5
2, 0.18592297476759628, 0.0, 5.522723, 10, 6




Exp 1:
1, 0.14741035856573706, 2.0, 4.638859, 10, 5
2, 0.09827357237715803, 2.0, 4.454353, 10, 4




Exp 1:
1, 0.1301460823373174, 86.56625124244974, 1.514228, 31, 5
2, 0.1699867197875166, 73.14724804211768, 1.135506, 31, 4




Exp 1:
1, 0.21381142098273573, 85.69680949832338, 6.039211, 100, 5
2, 0.19654714475431606, 86.02285015237075, 4.787911, 100, 6




=======
Exp 1:
Exp 1:
>>>>>>> FETCH_HEAD
